M001 1708 0 1708 3234 0 3234 0 0
M002 672 0 672 1554 0 1554 0 0
M003 2184 0 2184 1008 0 1008 0 0
M004 3080 0 3080 1610 0 1610 0 0
M005 532 0 532 1386 0 1386 0 0
M006 1862 0 1862 882 0 882 0 0
M007 350 0 350 868 0 868 0 0
M008 644 0 644 1246 0 1246 0 0
M009 980 0 980 462 0 462 0 0
M010 294 0 294 616 0 616 0 0
M011 826 0 826 378 0 378 0 0
M012 798 0 798 406 0 406 0 0
M013 266 0 266 672 0 672 0 0
M014 406 0 406 924 0 924 0 0
M015 406 0 406 840 0 840 0 0
M016 322 0 322 798 0 798 0 0
M017 392 0 392 756 0 756 0 0
M018 1078 0 1078 392 0 392 0 0
M019 392 0 392 826 0 826 0 0
M020 798 0 798 252 0 252 0 0
M021 392 0 392 826 0 826 0 0
M022 952 0 952 364 0 364 0 0
M023 1134 0 1134 490 0 490 0 0
M024 798 0 798 266 0 266 0 0
M025 784 0 784 322 0 322 0 0
M026 350 0 350 728 0 728 0 0
M027 364 0 364 840 0 840 0 0
M028 518 0 518 1064 0 1064 0 0
M029 490 0 490 994 0 994 0 0
M030 1302 0 1302 728 0 728 0 0
M031 392 0 392 1050 0 1050 0 0
M032 784 0 784 378 0 378 0 0
M033 1890 0 1890 952 0 952 0 0
M034 560 0 560 1148 0 1148 0 0
M035 854 0 854 392 0 392 0 0
M036 994 0 994 448 0 448 0 0
M037 1218 0 1218 560 0 560 0 0
M038 448 0 448 966 0 966 0 0
M039 364 0 364 784 0 784 0 0
M040 392 0 392 868 0 868 0 0
M041 364 0 364 854 0 854 0 0
M042 168 0 168 378 0 378 0 0
M043 910 0 910 532 0 532 0 0
M044 630 0 630 1302 0 1302 0 0
M045 672 0 672 1162 0 1162 0 0
M046 1204 0 1204 504 0 504 0 0
M047 434 0 434 812 0 812 0 0
M048 1302 0 1302 728 0 728 0 0
M049 392 0 392 742 0 742 0 0
